126.887303,37.486119
126.888300,37.487292
126.888336,37.487331
126.888372,37.487367
126.888408,37.487403
126.888447,37.487442
126.888483,37.487478
126.888522,37.487514
126.888561,37.487550
126.888600,37.487583
126.888639,37.487619
126.888678,37.487656
126.888717,37.487692
126.888756,37.487725
126.888797,37.487758
126.888839,37.487794
126.888878,37.487828
126.888919,37.487861
126.888961,37.487894
126.889003,37.487928
126.889044,37.487961
126.889089,37.487994
126.889131,37.488028
126.889411,37.488231
126.889756,37.488464
126.895417,37.492017
126.895589,37.492125
126.896553,37.492728
126.899928,37.494844
126.903297,37.496958
126.903339,37.496986
126.903378,37.497014
126.903417,37.497042
126.903456,37.497069
126.903494,37.497100
126.903533,37.497128
126.903569,37.497158
126.903608,37.497189
126.903644,37.497219
126.903678,37.497253
126.903714,37.497283
126.903747,37.497317
126.903781,37.497350
126.903811,37.497383
126.903844,37.497419
126.903875,37.497453
126.903906,37.497489
126.903933,37.497525
126.903961,37.497558
126.903989,37.497594
126.904017,37.497631
126.905597,37.499903
126.905617,37.499928
126.905633,37.499950
126.905656,37.499975
126.905678,37.499997
126.905700,37.500017
126.905725,37.500039
126.905753,37.500058
126.905778,37.500075
126.905808,37.500092
126.905839,37.500108
126.905869,37.500122
126.905900,37.500136
126.905933,37.500150
126.905967,37.500158
126.906000,37.500169
126.906033,37.500178
126.906069,37.500183
126.906103,37.500189
126.906139,37.500192
126.906175,37.500194
126.906211,37.500194
126.907225,37.500169
126.908900,37.500133
126.909597,37.500122
126.916800,37.500000
126.919764,37.499950
126.920039,37.499944
126.920603,37.499933
126.927089,37.499750
126.928156,37.499728
126.929842,37.499692
126.929900,37.499692
126.929958,37.499692
126.930017,37.499692
126.930075,37.499697
126.930133,37.499703
126.930192,37.499708
126.930250,37.499717
126.930306,37.499725
126.930364,37.499736
126.930419,37.499750
126.930475,37.499764
126.930531,37.499778
126.930586,37.499794
126.930639,37.499814
126.930692,37.499833
126.930744,37.499853
126.930797,37.499878
126.930847,37.499900
126.930897,37.499925
126.930944,37.499950
126.930992,37.499978
126.931639,37.500336
126.934311,37.501969
126.934425,37.502039
126.935719,37.502819
126.935883,37.502922
126.938750,37.504706
126.938808,37.504733
126.939139,37.504892
126.939481,37.505019
126.939853,37.505092
126.940264,37.505108
126.944247,37.505200
126.944386,37.505203
126.944525,37.505200
126.944664,37.505194
126.944803,37.505181
126.944942,37.505164
126.945078,37.505139
126.945214,37.505111
126.945344,37.505078
126.945478,37.505039
126.945606,37.504997
126.945731,37.504950
126.945853,37.504894
126.945972,37.504839
126.946089,37.504778
126.946200,37.504708
126.946308,37.504639
126.946414,37.504567
126.946511,37.504486
126.946606,37.504406
126.946694,37.504319
126.946781,37.504231
126.947642,37.503244
126.947853,37.502978
126.947978,37.502819
126.948172,37.502589
126.950367,37.500000
126.950675,37.499644
126.953183,37.496742
126.953800,37.496078
126.954158,37.495689
126.956431,37.493058
126.956581,37.492919
126.956781,37.492786
126.957000,37.492661
126.966006,37.488139
126.966044,37.488119
126.966083,37.488100
126.966122,37.488078
126.966158,37.488056
126.966194,37.488033
126.966233,37.488011
126.966269,37.487989
126.966306,37.487967
126.966342,37.487942
126.966378,37.487919
126.966414,37.487894
126.966447,37.487869
126.966481,37.487844
126.966517,37.487819
126.966550,37.487794
126.966583,37.487769
126.966617,37.487744
126.966650,37.487717
126.966681,37.487692
126.966714,37.487664
126.966744,37.487639
126.967858,37.486725
126.969619,37.485347
126.969644,37.485325
126.969669,37.485306
126.969686,37.485294
126.969703,37.485283
126.969728,37.485267
126.969750,37.485256
126.969775,37.485242
126.969817,37.485219
126.969858,37.485200
126.969886,37.485189
126.969914,37.485178
126.971092,37.484717
126.972142,37.484308
126.972167,37.484297
126.972194,37.484283
126.972208,37.484275
126.972233,37.484261
126.972258,37.484244
126.972281,37.484228
126.972303,37.484211
126.972314,37.484203
126.972336,37.484183
126.972356,37.484164
126.972375,37.484144
126.972525,37.483975
126.972614,37.483878
126.972625,37.483867
126.972642,37.483850
126.972664,37.483833
126.972678,37.483825
126.972733,37.483792
126.972867,37.483714
126.973006,37.483639
126.973150,37.483572
126.973300,37.483511
126.973450,37.483453
126.973606,37.483403
126.973761,37.483358
126.973922,37.483322
126.974083,37.483289
126.974247,37.483264
126.974414,37.483244
126.974581,37.483233
126.974747,37.483225
126.974914,37.483228
126.975081,37.483233
126.975247,37.483247
126.975411,37.483267
126.975575,37.483292
126.975739,37.483325
126.975897,37.483364
126.976056,37.483408
126.978578,37.484194
126.981078,37.485056
126.981517,37.485219
126.981631,37.485261
126.982006,37.485367
126.982117,37.485383
126.982442,37.485439
126.982847,37.485483
126.987875,37.486050
126.988097,37.486081
126.988358,37.486125
126.988708,37.486197
126.988964,37.486264
126.989178,37.486325
126.990983,37.486897
126.991856,37.487172
126.993161,37.487572
126.994303,37.487922
126.999733,37.489514
126.999831,37.489542
126.999925,37.489575
127.000017,37.489611
127.000108,37.489653
127.000194,37.489694
127.000278,37.489744
127.000358,37.489794
127.000433,37.489850
127.000508,37.489908
127.000578,37.489969
127.000642,37.490033
127.000700,37.490100
127.000756,37.490169
127.000806,37.490242
127.000853,37.490317
127.000892,37.490392
127.000928,37.490469
127.000956,37.490547
127.000981,37.490628
127.000997,37.490708
127.001011,37.490789
127.002189,37.498183
127.002294,37.498717
127.002778,37.500728
127.002797,37.500806
127.002822,37.500881
127.002847,37.500958
127.002878,37.501033
127.002908,37.501108
127.002942,37.501181
127.002975,37.501256
127.003014,37.501328
127.003053,37.501400
127.003094,37.501469
127.003139,37.501542
127.003183,37.501611
127.003233,37.501681
127.003283,37.501747
127.003336,37.501814
127.003392,37.501878
127.003447,37.501944
127.003506,37.502006
127.003564,37.502069
127.003628,37.502131
127.003692,37.502192
127.004336,37.502706
127.004350,37.502717
127.004411,37.502769
127.004494,37.502853
127.004547,37.502911
127.004806,37.503231
127.004933,37.503389
127.005139,37.503575
127.005347,37.503717
127.005567,37.503839
127.007900,37.504744
127.007953,37.504767
127.008003,37.504792
127.008053,37.504819
127.008103,37.504847
127.008150,37.504875
127.008194,37.504906
127.008242,37.504939
127.008286,37.504969
127.008328,37.505003
127.008369,37.505039
127.008408,37.505075
127.008447,37.505111
127.008483,37.505150
127.008519,37.505189
127.008553,37.505228
127.008586,37.505267
127.008617,37.505308
127.008644,37.505350
127.008672,37.505392
127.008697,37.505436
127.008719,37.505481
127.009158,37.506389
127.009569,37.507244
127.009586,37.507278
127.009606,37.507311
127.009628,37.507344
127.009650,37.507375
127.009675,37.507406
127.009700,37.507436
127.009728,37.507467
127.009756,37.507494
127.009786,37.507522
127.009819,37.507550
127.009853,37.507575
127.009886,37.507600
127.009919,37.507622
127.009956,37.507644
127.009994,37.507667
127.010033,37.507686
127.010072,37.507706
127.010114,37.507725
127.010153,37.507739
127.010194,37.507756
127.010239,37.507769
127.011583,37.508167
127.015219,37.509239
127.018897,37.510344
127.021594,37.511167
127.022817,37.511539
127.029128,37.513478
127.031711,37.514269
127.035247,37.515353
127.040858,37.517078
127.041289,37.517178
127.041364,37.517194
127.042056,37.517358
127.047350,37.518308
127.049600,37.518711
127.053775,37.519456
127.056306,37.519906
127.057347,37.520178
127.058739,37.520625
127.059506,37.520900
127.060917,37.521458
127.061028,37.521506
127.061139,37.521556
127.061244,37.521606
127.061353,37.521661
127.061456,37.521719
127.061556,37.521778
127.061656,37.521842
127.061750,37.521906
127.061844,37.521975
127.061933,37.522042
127.062022,37.522114
127.062106,37.522189
127.062189,37.522267
127.062267,37.522344
127.062342,37.522425
127.062417,37.522506
127.062483,37.522589
127.062550,37.522675
127.062614,37.522764
127.062669,37.522850
127.062728,37.522942
127.063433,37.524378
127.065864,37.529742
127.066192,37.530444
127.066489,37.531089
127.066653,37.531439
127.067106,37.532342
127.067983,37.534236
127.068444,37.535233
127.069169,37.536806
127.069669,37.537875
127.070075,37.538742
127.070647,37.539900
127.070656,37.539919
127.070733,37.540083